0	4
0.1	4.04336
0.2	4.08514
0.3	4.12544
0.4	4.16434
0.5	4.2019
0.6	4.2382
0.7	4.2733
0.8	4.30725
0.9	4.34012
1	4.37195
1.1	4.40279
1.2	4.43268
1.3	4.46166
1.4	4.48978
1.5	4.51706
1.6	4.54355
1.7	4.56927
1.8	4.59425
1.9	4.61853
2	4.64213
2.1	4.66507
2.2	4.68739
2.3	4.70909
2.4	4.73021
2.5	4.75076
2.6	4.77077
2.7	4.79025
2.8	4.80923
2.9	4.82771
3	4.84571
3.1	4.86325
3.2	4.88035
3.3	4.89702
3.4	4.91327
3.5	4.92911
3.6	4.94457
3.7	4.95964
3.8	4.97434
3.9	4.98869
4	5.00269
4.1	5.01635
4.2	5.02968
4.3	5.0427
4.4	5.05541
4.5	5.06782
4.6	5.07993
4.7	5.09176
4.8	5.10332
4.9	5.11461
5	5.12564
5.1	5.13641
5.2	5.14694
5.3	5.15723
5.4	5.16728
5.5	5.17711
5.6	5.18671
5.7	5.1961
5.8	5.20528
5.9	5.21425
6	5.22302
6.1	5.2316
6.2	5.23999
6.3	5.24819
6.4	5.25621
6.5	5.26406
6.6	5.27173
6.7	5.27924
6.8	5.28658
6.9	5.29376
7	5.30079
7.1	5.30767
7.2	5.3144
7.3	5.32098
7.4	5.32742
7.5	5.33372
7.6	5.33989
7.7	5.34593
7.8	5.35184
7.9	5.35762
8	5.36328
8.1	5.36882
8.2	5.37425
8.3	5.37956
8.4	5.38476
8.5	5.38985
8.6	5.39483
8.7	5.39971
8.8	5.40448
8.9	5.40916
9	5.41374
9.1	5.41822
9.2	5.42262
9.3	5.42692
9.4	5.43113
9.5	5.43525
9.6	5.43929
9.7	5.44324
9.8	5.44712
9.9	5.45091
10	5.45463
10.1	5.45827
10.2	5.46184
10.3	5.46533
10.4	5.46875
10.5	5.4721
10.6	5.47539
10.7	5.4786
10.8	5.48175
10.9	5.48484
11	5.48787
11.1	5.49083
11.2	5.49373
11.3	5.49658
11.4	5.49936
11.5	5.50209
11.6	5.50477
11.7	5.50739
11.8	5.50996
11.9	5.51248
12	5.51494
12.1	5.51736
12.2	5.51973
12.3	5.52205
12.4	5.52432
12.5	5.52655
12.6	5.52874
12.7	5.53088
12.8	5.53298
12.9	5.53503
13	5.53705
13.1	5.53902
13.2	5.54096
13.3	5.54285
13.4	5.54471
13.5	5.54653
13.6	5.54832
13.7	5.55007
13.8	5.55178
13.9	5.55346
14	5.55511
14.1	5.55673
14.2	5.55831
14.3	5.55986
14.4	5.56138
14.5	5.56287
14.6	5.56434
14.7	5.56577
14.8	5.56717
14.9	5.56855
15	5.5699
15.1	5.57122
15.2	5.57252
15.3	5.57379
15.4	5.57504
15.5	5.57626
15.6	5.57745
15.7	5.57863
15.8	5.57978
15.9	5.58091
16	5.58201
16.1	5.5831
16.2	5.58416
16.3	5.5852
16.4	5.58622
16.5	5.58723
16.6	5.58821
16.7	5.58917
16.8	5.59011
16.9	5.59104
17	5.59195
17.1	5.59283
17.2	5.59371
17.3	5.59456
17.4	5.5954
17.5	5.59622
17.6	5.59703
17.7	5.59782
17.8	5.59859
17.9	5.59935
18	5.60009
18.1	5.60082
18.2	5.60154
18.3	5.60224
18.4	5.60293
18.5	5.6036
18.6	5.60426
18.7	5.60491
18.8	5.60555
18.9	5.60617
19	5.60678
19.1	5.60738
19.2	5.60797
19.3	5.60855
19.4	5.60911
19.5	5.60967
19.6	5.61021
19.7	5.61074
19.8	5.61126
19.9	5.61177
20	5.61228
20.1	5.61277
20.2	5.61325
20.3	5.61373
20.4	5.61419
20.5	5.61464
20.6	5.61509
20.7	5.61553
20.8	5.61596
20.9	5.61638
21	5.61679
21.1	5.61719
21.2	5.61759
21.3	5.61798
21.4	5.61836
21.5	5.61874
21.6	5.6191
21.7	5.61946
21.8	5.61981
21.9	5.62016
22	5.6205
22.1	5.62083
22.2	5.62116
22.3	5.62148
22.4	5.62179
22.5	5.6221
22.6	5.6224
22.7	5.62269
22.8	5.62298
22.9	5.62327
23	5.62355
23.1	5.62382
23.2	5.62409
23.3	5.62435
23.4	5.62461
23.5	5.62486
23.6	5.62511
23.7	5.62535
23.8	5.62559
23.9	5.62582
24	5.62605
24.1	5.62628
24.2	5.6265
24.3	5.62671
24.4	5.62693
24.5	5.62713
24.6	5.62734
24.7	5.62754
24.8	5.62773
24.9	5.62793
25	5.62811
25.1	5.6283
25.2	5.62848
25.3	5.62866
25.4	5.62883
25.5	5.629
25.6	5.62917
25.7	5.62933
25.8	5.6295
25.9	5.62965
26	5.62981
26.1	5.62996
26.2	5.63011
26.3	5.63026
26.4	5.6304
26.5	5.63054
26.6	5.63068
26.7	5.63081
26.8	5.63094
26.9	5.63107
27	5.6312
27.1	5.63133
27.2	5.63145
27.3	5.63157
27.4	5.63169
27.5	5.6318
27.6	5.63192
27.7	5.63203
27.8	5.63214
27.9	5.63224
28	5.63235
28.1	5.63245
28.2	5.63255
28.3	5.63265
28.4	5.63275
28.5	5.63284
28.6	5.63294
28.7	5.63303
28.8	5.63312
28.9	5.6332
29	5.63329
29.1	5.63338
29.2	5.63346
29.3	5.63354
29.4	5.63362
29.5	5.6337
29.6	5.63377
29.7	5.63385
29.8	5.63392
29.9	5.634
30	5.63407
30.1	5.63414
30.2	5.6342
30.3	5.63427
30.4	5.63434
30.5	5.6344
30.6	5.63446
30.7	5.63453
30.8	5.63459
30.9	5.63465
31	5.6347
31.1	5.63476
31.2	5.63482
31.3	5.63487
31.4	5.63493
31.5	5.63498
31.6	5.63503
31.7	5.63508
31.8	5.63513
31.9	5.63518
32	5.63523
32.1	5.63528
32.2	5.63532
32.3	5.63537
32.4	5.63541
32.5	5.63546
32.6	5.6355
32.7	5.63554
32.8	5.63558
32.9	5.63562
33	5.63566
33.1	5.6357
33.2	5.63574
33.3	5.63578
33.4	5.63581
33.5	5.63585
33.6	5.63588
33.7	5.63592
33.8	5.63595
33.9	5.63598
34	5.63602
34.1	5.63605
34.2	5.63608
34.3	5.63611
34.4	5.63614
34.5	5.63617
34.6	5.6362
34.7	5.63623
34.8	5.63626
34.9	5.63628
35	5.63631
35.1	5.63634
35.2	5.63636
35.3	5.63639
35.4	5.63641
35.5	5.63644
35.6	5.63646
35.7	5.63648
35.8	5.63651
35.9	5.63653
36	5.63655
36.1	5.63657
36.2	5.63659
36.3	5.63661
36.4	5.63663
36.5	5.63665
36.6	5.63667
36.7	5.63669
36.8	5.63671
36.9	5.63673
37	5.63675
37.1	5.63677
37.2	5.63678
37.3	5.6368
37.4	5.63682
37.5	5.63683
37.6	5.63685
37.7	5.63687
37.8	5.63688
37.9	5.6369
38	5.63691
38.1	5.63693
38.2	5.63694
38.3	5.63695
38.4	5.63697
38.5	5.63698
38.6	5.63699
38.7	5.63701
38.8	5.63702
38.9	5.63703
39	5.63705
39.1	5.63706
39.2	5.63707
39.3	5.63708
39.4	5.63709
39.5	5.6371
39.6	5.63711
39.7	5.63712
39.8	5.63714
39.9	5.63715
40	5.63716
40.1	5.63717
40.2	5.63718
40.3	5.63718
40.4	5.63719
40.5	5.6372
40.6	5.63721
40.7	5.63722
40.8	5.63723
40.9	5.63724
41	5.63725
41.1	5.63725
41.2	5.63726
41.3	5.63727
41.4	5.63728
41.5	5.63729
41.6	5.63729
41.7	5.6373
41.8	5.63731
41.9	5.63731
42	5.63732
42.1	5.63733
42.2	5.63733
42.3	5.63734
42.4	5.63735
42.5	5.63735
42.6	5.63736
42.7	5.63737
42.8	5.63737
42.9	5.63738
43	5.63738
43.1	5.63739
43.2	5.63739
43.3	5.6374
43.4	5.6374
43.5	5.63741
43.6	5.63741
43.7	5.63742
43.8	5.63742
43.9	5.63743
44	5.63743
44.1	5.63744
44.2	5.63744
44.3	5.63745
44.4	5.63745
44.5	5.63745
44.6	5.63746
44.7	5.63746
44.8	5.63747
44.9	5.63747
45	5.63747
45.1	5.63748
45.2	5.63748
45.3	5.63749
45.4	5.63749
45.5	5.63749
45.6	5.6375
45.7	5.6375
45.8	5.6375
45.9	5.63751
46	5.63751
46.1	5.63751
46.2	5.63751
46.3	5.63752
46.4	5.63752
46.5	5.63752
46.6	5.63753
46.7	5.63753
46.8	5.63753
46.9	5.63753
47	5.63754
47.1	5.63754
47.2	5.63754
47.3	5.63754
47.4	5.63755
47.5	5.63755
47.6	5.63755
47.7	5.63755
47.8	5.63756
47.9	5.63756
48	5.63756
48.1	5.63756
48.2	5.63756
48.3	5.63757
48.4	5.63757
48.5	5.63757
48.6	5.63757
48.7	5.63757
48.8	5.63758
48.9	5.63758
49	5.63758
49.1	5.63758
49.2	5.63758
49.3	5.63758
49.4	5.63759
49.5	5.63759
49.6	5.63759
49.7	5.63759
49.8	5.63759
49.9	5.63759
50	5.63759
50.1	5.6376
50.2	5.6376
50.3	5.6376
50.4	5.6376
50.5	5.6376
50.6	5.6376
50.7	5.6376
50.8	5.63761
50.9	5.63761
51	5.63761
51.1	5.63761
51.2	5.63761
51.3	5.63761
51.4	5.63761
51.5	5.63761
51.6	5.63761
51.7	5.63762
51.8	5.63762
51.9	5.63762
52	5.63762
52.1	5.63762
52.2	5.63762
52.3	5.63762
52.4	5.63762
52.5	5.63762
52.6	5.63762
52.7	5.63762
52.8	5.63763
52.9	5.63763
53	5.63763
53.1	5.63763
53.2	5.63763
53.3	5.63763
53.4	5.63763
53.5	5.63763
53.6	5.63763
53.7	5.63763
53.8	5.63763
53.9	5.63763
54	5.63763
54.1	5.63763
54.2	5.63764
54.3	5.63764
54.4	5.63764
54.5	5.63764
54.6	5.63764
54.7	5.63764
54.8	5.63764
54.9	5.63764
55	5.63764
55.1	5.63764
55.2	5.63764
55.3	5.63764
55.4	5.63764
55.5	5.63764
55.6	5.63764
55.7	5.63764
55.8	5.63764
55.9	5.63764
56	5.63765
56.1	5.63765
56.2	5.63765
56.3	5.63765
56.4	5.63765
56.5	5.63765
56.6	5.63765
56.7	5.63765
56.8	5.63765
56.9	5.63765
57	5.63765
57.1	5.63765
57.2	5.63765
57.3	5.63765
57.4	5.63765
57.5	5.63765
57.6	5.63765
57.7	5.63765
57.8	5.63765
57.9	5.63765
58	5.63765
58.1	5.63765
58.2	5.63765
58.3	5.63765
58.4	5.63765
58.5	5.63765
58.6	5.63765
58.7	5.63765
58.8	5.63765
58.9	5.63765
59	5.63766
59.1	5.63766
59.2	5.63766
59.3	5.63766
59.4	5.63766
59.5	5.63766
59.6	5.63766
59.7	5.63766
59.8	5.63766
59.9	5.63766
60	5.63766
60.1	5.63766
60.2	5.63766
60.3	5.63766
60.4	5.63766
60.5	5.63766
60.6	5.63766
60.7	5.63766
60.8	5.63766
60.9	5.63766
61	5.63766
61.1	5.63766
61.2	5.63766
61.3	5.63766
61.4	5.63766
61.5	5.63766
61.6	5.63766
61.7	5.63766
61.8	5.63766
61.9	5.63766
62	5.63766
62.1	5.63766
62.2	5.63766
62.3	5.63766
62.4	5.63766
62.5	5.63766
62.6	5.63766
62.7	5.63766
62.8	5.63766
62.9	5.63766
63	5.63766
63.1	5.63766
63.2	5.63766
63.3	5.63766
63.4	5.63766
63.5	5.63766
63.6	5.63766
63.7	5.63766
63.8	5.63766
63.9	5.63766
64	5.63766
64.1	5.63766
64.2	5.63766
64.3	5.63766
64.4	5.63766
64.5	5.63766
64.6	5.63766
64.7	5.63766
64.8	5.63766
64.9	5.63766
65	5.63766
65.1	5.63766
65.2	5.63766
65.3	5.63766
65.4	5.63766
65.5	5.63766
65.6	5.63766
65.7	5.63766
65.8	5.63766
65.9	5.63766
66	5.63766
66.1	5.63766
66.2	5.63766
66.3	5.63766
66.4	5.63766
66.5	5.63766
66.6	5.63766
66.7	5.63766
66.8	5.63766
66.9	5.63767
67	5.63767
67.1	5.63767
67.2	5.63767
67.3	5.63767
67.4	5.63767
67.5	5.63767
67.6	5.63767
67.7	5.63767
67.8	5.63767
67.9	5.63767
68	5.63767
68.1	5.63767
68.2	5.63767
68.3	5.63767
68.4	5.63767
68.5	5.63767
68.6	5.63767
68.7	5.63767
68.8	5.63767
68.9	5.63767
69	5.63767
69.1	5.63767
69.2	5.63767
69.3	5.63767
69.4	5.63767
69.5	5.63767
69.6	5.63767
69.7	5.63767
69.8	5.63767
69.9	5.63767
70	5.63767
70.1	5.63767
70.2	5.63767
70.3	5.63767
70.4	5.63767
70.5	5.63767
70.6	5.63767
70.7	5.63767
70.8	5.63767
70.9	5.63767
71	5.63767
71.1	5.63767
71.2	5.63767
71.3	5.63767
71.4	5.63767
71.5	5.63767
71.6	5.63767
71.7	5.63767
71.8	5.63767
71.9	5.63767
72	5.63767
72.1	5.63767
72.2	5.63767
72.3	5.63767
72.4	5.63767
72.5	5.63767
72.6	5.63767
72.7	5.63767
72.8	5.63767
72.9	5.63767
73	5.63767
73.1	5.63767
73.2	5.63767
73.3	5.63767
73.4	5.63767
73.5	5.63767
73.6	5.63767
73.7	5.63767
73.8	5.63767
73.9	5.63767
74	5.63767
74.1	5.63767
74.2	5.63767
74.3	5.63767
74.4	5.63767
74.5	5.63767
74.6	5.63767
74.7	5.63767
74.8	5.63767
74.9	5.63767
75	5.63767
75.1	5.63767
75.2	5.63767
75.3	5.63767
75.4	5.63767
75.5	5.63767
75.6	5.63767
75.7	5.63767
75.8	5.63767
75.9	5.63767
76	5.63767
76.1	5.63767
76.2	5.63767
76.3	5.63767
76.4	5.63767
76.5	5.63767
76.6	5.63767
76.7	5.63767
76.8	5.63767
76.9	5.63767
77	5.63767
77.1	5.63767
77.2	5.63767
77.3	5.63767
77.4	5.63767
77.5	5.63767
77.6	5.63767
77.7	5.63767
77.8	5.63767
77.9	5.63767
78	5.63767
78.1	5.63767
78.2	5.63767
78.3	5.63767
78.4	5.63767
78.5	5.63767
78.6	5.63767
78.7	5.63767
78.8	5.63767
78.9	5.63767
79	5.63767
79.1	5.63767
79.2	5.63767
79.3	5.63767
79.4	5.63767
79.5	5.63767
79.6	5.63767
79.7	5.63767
79.8	5.63767
79.9	5.63767
80	5.63767
80.1	5.63767
80.2	5.63767
80.3	5.63767
80.4	5.63767
80.5	5.63767
80.6	5.63767
80.7	5.63767
80.8	5.63767
80.9	5.63767
81	5.63767
81.1	5.63767
81.2	5.63767
81.3	5.63767
81.4	5.63767
81.5	5.63767
81.6	5.63767
81.7	5.63767
81.8	5.63767
81.9	5.63767
82	5.63767
82.1	5.63767
82.2	5.63767
82.3	5.63767
82.4	5.63767
82.5	5.63767
82.6	5.63767
82.7	5.63767
82.8	5.63767
82.9	5.63767
83	5.63767
83.1	5.63767
83.2	5.63767
83.3	5.63767
83.4	5.63767
83.5	5.63767
83.6	5.63767
83.7	5.63767
83.8	5.63767
83.9	5.63767
84	5.63767
84.1	5.63767
84.2	5.63767
84.3	5.63767
84.4	5.63767
84.5	5.63767
84.6	5.63767
84.7	5.63767
84.8	5.63767
84.9	5.63767
85	5.63767
85.1	5.63767
85.2	5.63767
85.3	5.63767
85.4	5.63767
85.5	5.63767
85.6	5.63767
85.7	5.63767
85.8	5.63767
85.9	5.63767
86	5.63767
86.1	5.63767
86.2	5.63767
86.3	5.63767
86.4	5.63767
86.5	5.63767
86.6	5.63767
86.7	5.63767
86.8	5.63767
86.9	5.63767
87	5.63767
87.1	5.63767
87.2	5.63767
87.3	5.63767
87.4	5.63767
87.5	5.63767
87.6	5.63767
87.7	5.63767
87.8	5.63767
87.9	5.63767
88	5.63767
88.1	5.63767
88.2	5.63767
88.3	5.63767
88.4	5.63767
88.5	5.63767
88.6	5.63767
88.7	5.63767
88.8	5.63767
88.9	5.63767
89	5.63767
89.1	5.63767
89.2	5.63767
89.3	5.63767
89.4	5.63767
89.5	5.63767
89.6	5.63767
89.7	5.63767
89.8	5.63767
89.9	5.63767
90	5.63767
90.1	5.63767
90.2	5.63767
90.3	5.63767
90.4	5.63767
90.5	5.63767
90.6	5.63767
90.7	5.63767
90.8	5.63767
90.9	5.63767
91	5.63767
91.1	5.63767
91.2	5.63767
91.3	5.63767
91.4	5.63767
91.5	5.63767
91.6	5.63767
91.7	5.63767
91.8	5.63767
91.9	5.63767
92	5.63767
92.1	5.63767
92.2	5.63767
92.3	5.63767
92.4	5.63767
92.5	5.63767
92.6	5.63767
92.7	5.63767
92.8	5.63767
92.9	5.63767
93	5.63767
93.1	5.63767
93.2	5.63767
93.3	5.63767
93.4	5.63767
93.5	5.63767
93.6	5.63767
93.7	5.63767
93.8	5.63767
93.9	5.63767
94	5.63767
94.1	5.63767
94.2	5.63767
94.3	5.63767
94.4	5.63767
94.5	5.63767
94.6	5.63767
94.7	5.63767
94.8	5.63767
94.9	5.63767
95	5.63767
95.1	5.63767
95.2	5.63767
95.3	5.63767
95.4	5.63767
95.5	5.63767
95.6	5.63767
95.7	5.63767
95.8	5.63767
95.9	5.63767
96	5.63767
96.1	5.63767
96.2	5.63767
96.3	5.63767
96.4	5.63767
96.5	5.63767
96.6	5.63767
96.7	5.63767
96.8	5.63767
96.9	5.63767
97	5.63767
97.1	5.63767
97.2	5.63767
97.3	5.63767
97.4	5.63767
97.5	5.63767
97.6	5.63767
97.7	5.63767
97.8	5.63767
97.9	5.63767
98	5.63767
98.1	5.63767
98.2	5.63767
98.3	5.63767
98.4	5.63767
98.5	5.63767
98.6	5.63767
98.7	5.63767
98.8	5.63767
98.9	5.63767
99	5.63767
99.1	5.63767
99.2	5.63767
99.3	5.63767
99.4	5.63767
99.5	5.63767
99.6	5.63767
99.7	5.63767
99.8	5.63767
99.9	5.63767
